n <- 201
x <- 108
pct <- (x/n)*100